'POINT (21 52)'
'POLYGON ((0 0, 0 1, 1 1, 1 0, 0 0))'
'LINESTRING (0 0, 1 1, 1 0)'
'POINT (10 40)'
'POINT (40 30)'
'POINT (20 20)'
'POINT (30 10)'
'POLYGON ((30 20, 10 40, 45 40, 30 20))'
'POLYGON ((15 5, 5 10, 10 20, 40 10, 15 5))'
'LINESTRING (10 10, 20 20, 10 40)'
'LINESTRING (40 40, 30 30, 40 20, 30 10)'
'POLYGON ((40 40, 45 30, 20 45, 40 40))'
'POLYGON ((20 35, 45 20, 30 5, 10 10, 10 30, 20 35), (30 20, 20 25, 20 15, 30 20))'
'POLYGON ((0 0, 0 5, 5 5, 5 0, 0 0), (1 1, 2 1, 2 2, 1 2, 1 1))'


'POINT (21 52)',\n 'POLYGON ((0 0, 0 1, 1 1, 1 0, 0 0))',\n 'LINESTRING (0 0, 1 1, 1 0)',\n 'POINT (10 40)',
\n 'POINT (40 30)',\n 'POINT (20 20)',\n 'POINT (30 10)',\n 'POLYGON ((30 20, 10 40, 45 40, 30 20))',\n 'POLYGON ((15 5, 5 10, 10 20, 40 10, 15 5))',\n 'LINESTRING (10 10, 20 20, 10 40)',\n 'LINESTRING (40 40, 30 30, 40 20, 30 10)',\n 'POLYGON ((40 40, 45 30, 20 45, 40 40))',\n 'POLYGON ((20 35, 45 20, 30 5, 10 10, 10 30, 20 35), (30 20, 20 25, 20 15, 30 '\n '20))',\n 'POLYGON ((0 0, 0 5, 5 5, 5 0, 0 0), (1 1, 2 1, 2 2, 1 2, 1 1))'